 Searching   2  2  0 near   1301.46283
                                          2  2  1  1288.68389  0.5  1301.46194
                                          3  2  1  1284.43313  1.5  1301.46205
                                          
  1  0  1  1300.06401  1.9  1301.46396    3  0  3  1293.11371 22.6  1301.46215
                                          
 Searching   3  2  1 near   1305.70804
  2  2  0  1292.91920  4.9  1305.70753    3  2  2  1288.73025  0.3  1305.70799
                                          4  2  2  1282.98635  0.8  1305.70743
 
  2  0  2  1301.51849 51.3  1305.70805    4  0  4  1291.86141 10.8  1305.70877
                                          4  4  0  1257.39634 35.1  1305.70954

 Searching   4  2  2 near   1311.40929
  3  2  1  1294.37857  0.8  1311.40749    4  2  3  1288.83298  1.0  1311.40222  
                                          5  2  3  1281.51471  0.8  1311.40743
                                                                                    
  3  0  3  1303.04765  1.3  1311.39609    4  4  1  1263.09430 65.7  1311.40748    
  3  0  3  1303.07130 52.1  1311.41974    5  4  1  1256.06853 72.1  1311.40340  
                                          5  0  5  1290.74983  0.4  1311.40117  
                                          
 Searching   5  2  3 near   1318.59174
  4  2  2  1295.86940  0.2  1318.59048    5  2  4  1289.04982  1.7  1318.59544 
                                          6  2  4  1280.01994  1.3  1318.59005
                                          
  4  0  4  1304.74008 46.5  1318.58744    5  4  2  1263.25467 50.8  1318.58943 
  4  4  0  1270.27487 49.3  1318.58807    6  4  2  1254.82531 73.9  1318.59368 
                                          6  0  6  1289.85840 17.4  1318.58356
                                          
 Searching   6  2  4 near   1327.28324
  5  2  3  1297.38983  1.4  1327.28255    6  2  5  1289.38453 15.1  1327.28285
                                          7  2  5  1278.51103  1.4  1327.28264
                                          
  5  0  5  1306.63246 28.6  1327.28380    6  4  3  1263.51517 67.7  1327.28300
  5  4  1  1271.95382  1.1  1327.28869    7  4  3  1253.66304 33.2  1327.28112    
                                          7  0  7  1289.24930  0.2  1327.28885
                                          
 Searching   7  2  5 near   1337.50370
  6  2  4  1298.93345  1.2  1337.50356    7  2  6  1289.88612  9.6  1337.50334
                                          8  2  6  1277.00042  0.8  1337.50373                      
                                          
  6  0  6  1308.77643 29.7  1337.50159    7  4  4  1263.88527  1.4  1337.50138
  6  4  2  1273.73186 16.4  1337.50023    8  4  4  1252.61426 86.1  1337.50374
                                          8  0  8  1288.92555 30.4  1337.50083
      
 Searching   8  2  6 near   1349.25821
  7  2  5  1300.48695  2.1  1349.25856    8  2  7  1290.56674  0.6  1349.25755
                                          9  2  7  1275.49983  0.8  1349.25851
                                          
  7  0  7  1311.22149 14.9  1349.26104    8  4  5  1264.36802 60.9  1349.25164   
  7  4  3  1275.64223 37.3  1349.26031    9  4  5  1251.67290 76.2  1349.26246
                                          9  0  9  1288.93719 32.7  1349.26035
 
 Searching   9  2  7 near   1362.54101
  8  2  6  1302.03747  1.4  1362.54078    9  2  8  1291.43438 32.8  1362.54081
                                         10  2  8  1274.01993  1.4  1362.54080

  8  0  8  1313.97171  0.5  1362.54699    9  4  6  1264.97297  1.2  1362.54742
  8  4  4  1277.66104 60.8  1362.55052   10  4  6  1250.82081 76.8  1362.54811
                                         10  0 10  1289.26374 13.4  1362.54497
  
 Searching  10  2  8 near   1377.33282
  9  2  7  1303.57369  1.1  1377.33237   10  2  9  1292.48205 27.2  1377.33269
                                         11  2  9  1272.56708  1.2  1377.33256

  9  0  9  1317.00444 26.5  1377.32760   10  4  7  1265.64355 64.5  1377.33599  
  9  4  5  1279.74510 55.6  1377.33466   11  4  7  1250.02516  8.3  1377.33947  
                                         11  0 11  1289.87877 31.1  1377.33009   

 Searching  11  2  9 near   1393.60853
 10  2  8  1305.08809  0.6  1393.60896   11  2 10  1293.69840 42.3  1393.60798
                                         12  2 10  1271.14632  1.8  1393.60871
                                         
 10  0 10  1320.32929  4.2  1393.61052   11  4  8  1266.36998 64.9  1393.61072
 10  4  6  1281.88134 47.4  1393.60864   12  4  8  1249.23722 66.1  1393.60274  
                                         12  0 12  1290.77691  0.1  1393.61350  
                                         
 Searching  12  2 10 near   1411.33944
 11  2  9  1306.57310  0.6  1411.33858   12  2 11  1295.07025 31.2  1411.33973  
                                         13  2 11  1269.76117  2.6  1411.33762  

 11  0 11  1323.89514 61.4  1411.34646   12  4  9  1267.11418  2.2  1411.33554  
  11 4  7  1284.01959 36.5  1411.33390   13  4  9  1248.43440 77.5  1411.33417  
                                         13  0 13  1291.89562 40.2  1411.33574  

 Searching  13  2 11 near   1430.48465
 12  2 10  1308.02285  0.0  1430.48524   13  2 12  1296.56379 45.2  1430.48094    
                                         14  2 12  1268.41690  2.3  1430.48481  
                                                                                  
   12 0 12 1327.65215 28.7  1430.48874   13  4 10  1267.84795 10.5  1430.48260  
 12  4  8  1286.12187 68.8  1430.48739   14  0 14  1293.22247 35.6  1430.48688  
                                      14  4 10  1247.54517 72.8  1430.48508  

 Searching  14  2 12 near   1451.00850
 13  2 11  1309.43102  0.1  1451.00747   14  2 13  1298.16652 35.3  1451.00687  
                                         15  2 13  1267.11418  2.2  1451.00753  
                                         
   13 0 13 1331.56257 65.2  1451.00269   14  4 11  1268.53422 63.1  1451.01315    
 13  4  9  1288.10062 59.4  1451.00039   15  4 11  1246.49677 71.8  1451.00862  
                                         15  0 15  1294.69769 49.2  1451.00899  
 
 Searching  15  2 13 near   1472.86202
 14  2 12  1310.79378  0.3  1472.86169   15  2 14  1299.83854 51.6  1472.86675   
                                         16  2 14  1265.85327  2.5  1472.86127  
                                         
 14  0 14  1335.60150 56.3  1472.86591   15  4 12  1269.11026 54.0  1472.86042  
 p14 4 10  1289.92516 43.0  1472.86507   16  4 12  1245.21667 45.5  1472.85873     
                                         16  0 16  1296.28672 61.7  1472.86879   

 Searching  16  2 14 near   1496.00021
 15  2 13  1312.10680  0.9  1496.00015   16  2 15  1301.53120 44.5  1496.00256  
                                         17  2 15  1264.63006  2.4  1495.99972
                                         
 15  0 15  1339.68978 71.8  1496.00108   16  4 13  1269.55857 49.2  1496.00032                                    
 15  4 11  1291.49341 40.8  1496.00526   17  4 13  1243.64780 74.2  1496.00119  
                                         17  0 17  1297.92455 52.2  1496.00206  
                                         
 Searching  17  2 15 near   1520.38033
 16  2 14  1313.37494  2.7  1520.38294   17  2 16  1303.20147  1.9  1520.36350    
                                         18  2 16  1263.43620  1.3  1520.37945

    16 0 16 1343.79603 46.0 1520.37810  17  4 14  1269.82973  0.2  1520.37433    
  16 4 12  1292.73854 22.3  1520.38060   18  4 14  1241.72020 82.7  1520.38032  
                                         18  0 18  1299.58164 41.0  1520.37973  
 
 Searching  18  2 16 near   1545.96546
 17  2 15  1314.59530  1.5  1545.96496   18  2 17  1304.86386 41.0  1545.95785    
                                         19  2 17  1262.26058  0.9  1545.96504                                         
                                         
   17 0 17 1347.89296 59.6  1545.97047   18  4 15  1269.91797 57.5  1545.96519  
 17  4 13  1293.61416 30.2  1545.96755   19  4 15  1239.40127 81.0  1545.96517   
                                         19  0 19  1301.22256 50.8  1545.96663  

 Searching  19  2 17 near   1572.73321
 18  2 16  1315.78949  1.0  1572.73274   19  2 18  1306.47537 22.8  1572.73777  
                                         20  2 18  1261.09241  0.3  1572.73309
 
 18  4 14  1294.07235 56.8  1572.73247   19  4 16  1269.79736 49.7  1572.73346  
   18 0 18 1351.93904 12.4  1572.73713   20  4 16  1236.67981 89.5  1572.73216  
                                         20  0 20  1302.81938 51.7  1572.73488  
                                         
 Searching  20  2 18 near   1600.67339
 19  2 17  1316.96862  1.0  1600.67308   20  2 19  1308.00608  0.9  1600.66965
                                         21  2 19  1259.92389  1.6  1600.67313
                                         
 19  0 19  1355.92726 78.5  1600.67133   20  4 17  1269.47647 45.4  1600.67259    
 19  4 15  1294.10725 33.8  1600.67115   21  4 17  1233.57319 86.9  1600.67342     
                                         21  0 21  1304.35696 34.0  1600.66933  

 Searching  21  2 19 near   1629.78601
 20  2 18  1318.14513  0.6  1629.78581   21  2 20  1309.49204 26.7  1629.78682  
                                         22  2 20  1258.75176  0.1  1629.78576
                                         
    20 0 20 1359.87350 63.3 1629.78900  21  4 18  1268.97470 54.9  1629.78570   
 20  4 16  1293.73315 55.0  1629.78550   22  4 18  1230.11401 90.0  1629.78618   
                                         22  0 22  1305.85071 35.8  1629.78526  
                                         
 Searching  22  2 20 near   1660.07688
 21  2 19  1319.32726  1.9  1660.07650   22  2 21  1310.92869 12.8  1660.08271  
                                         23  2 21  1257.57438  0.7  1660.07638
                                         
   21 0 21 1363.76066 22.5  1660.07303   22  4 19  1268.31214 50.9  1660.07607  
  21  4 17 1292.97670 57.4  1660.07693   23  4 19  1226.35067 92.4  1660.07611  
                                         23  0 23  1307.29773 41.5  1660.07962     
                                         
 Searching  23  2 21 near   1691.55192
 22  2 20  1320.51795  0.2  1691.55195   23  2 22  1312.31621  1.2  1691.55605 
                                         24  2 22  1256.39059  0.5  1691.55161
                                         
 22  0 22  1367.61176 66.3  1691.54631   23  4 20  1267.51337 48.0  1691.55142   
  22 4 18  1291.87894 17.0  1691.55111   24  4 20  1222.34008 93.4  1691.55201  
                                         24  0 24  1308.69665 36.9  1691.55083  

 Searching  24  2 22 near   1724.21901
 23  2 21  1321.71702  1.8  1724.21902   24  2 23  1313.67563 44.9  1724.22681  
                                         25  2 23  1255.20099  0.7  1724.21916
                                         
 23  0 23  1371.43723 80.8  1724.21912   24  4 21  1266.60191 56.5  1724.21893   
   23 4 19 1290.49276  5.5  1724.21820   25  4 21  1218.13821 96.5  1724.21791    
                                         25  0 25  1310.06860 32.1  1724.21979  

 Searching  25  2 23 near   1758.08540
 24  2 22  1322.92448  2.8  1758.08550   25  2 24  1314.99781 36.0  1758.08506  
                                         26  2 24  1254.00621  1.0  1758.08555

    24 0 24 1375.23628 85.8 1758.09046  25  4 22  1265.60020 21.6  1758.08567   
 24 4 20   1288.87224  2.3  1758.08417   26  4 22  1213.81030 95.4  1758.08488    
                                         26  0 26  1311.41708 24.3  1758.08973     
                                         
 Searching  26  2 24 near   1793.15791
 25  2 23  1324.13976  7.6  1793.15793   26  2 25  1316.30835 12.6  1793.15580  
                                         27  2 25  1252.80909  3.9  1793.15820
                                           
 25  0 25  1379.00318 82.8  1793.15437   26  4 23  1264.52969 48.1  1793.15911  
 25  4 21  1287.07974 53.8  1793.15944   27  4 23  1209.41471 90.5  1793.15749  
                                         27  0 27  1312.73783 10.2  1793.15612     
                                         
 Searching  27  2 25 near   1829.34701
 26  2 24  1325.26937  4.1  1829.34871   27  2 26  1317.51962  0.9  1829.35091
                                         28  2 26  1251.51747 11.6  1829.34834
                                         
 26  0 26  1382.67684 77.7  1829.34949   27  4 24  1263.31745 13.4  1829.35394    
   26 4 22 1285.07824 61.2  1829.35282   28  4 24  1204.91334 88.1  1829.34784  
                                         28  0 28  1313.95789  0.2  1829.34572  

 Searching  28  2 26 near   1866.81456
 27  2 25  1326.46557  8.4  1866.81468   28  2 27  1318.77914  2.0  1866.81751
                                         29  2 27  1250.28791 13.5  1866.81496
                                         
 27  0 27  1386.40198 83.0  1866.82027   28  4 25  1262.11472 66.4  1866.81079    
   27 4 23 1283.07610 57.0  1866.81888   29  4 25  1200.50480 102.1 1866.81313  
                                         29  0 29  1315.23881 38.6  1866.81975  
 
 Searching  29  2 27 near   1905.55028
 28  2 26  1327.71899 10.5  1905.54986   29  2 28  1320.08233  8.6  1905.55063
                                         30  2 28  1249.11066 14.3  1905.54998

 28  0 28  1390.15561 93.4  1905.54344   29  4 26  1260.94640  1.8  1905.54572  
 28  4 24  1281.11124 75.9  1905.54574   30  4 26  1196.21329 103.6 1905.54804    
                                         30  0 30  1316.55110 23.0  1905.54842    
 
 Searching  30  2 28 near   1945.47163
 29  2 27  1328.94458  2.0  1945.47163   30  2 29  1321.34695 32.0  1945.46769  
                                         31  2 29  1247.90318  8.7  1945.47198
                                         
 29  0 29  1393.90156 60.7  1945.48250   30  4 27  1259.73178 66.9  1945.47089  
 29  4 25  1279.16844 66.4  1945.47677   31  4 27  1191.97219 105.6 1945.46970  
                                      31  0 31  1317.82691 16.3  1945.46353  
                                                                             

 Searching  31  2 29 near   1986.60339
   30 2 28 1330.16414 18.4  1986.60346   31  2 30  1322.60583 15.3  1986.60119  
                                         32  2 30  1246.68760 22.1  1986.60378    
                                         
 30  0 30  1397.59848 94.2  1986.59580   31  4 28  1258.49212 59.0  1986.60190   
 30  4 26  1277.26878 70.2  1986.60353   32  4 28   
                                         32  0 32  1319.10323  1.8  1986.60173  

 Searching  31  3 29 near   1986.62010
   30 3 28 1330.15758 20.0  1986.61990   31  3 28  1258.74245 38.5  1986.62025  
                                         32  3 30  1246.69423 21.7  1986.62004    
                                         
   30 1 30 1397.61550 26.2  1986.61283   31  1 30  1322.63251  3.0  1986.62733  
 30  5 26  1274.56297 73.5  1986.62594   31  5 26  1214.43371 99.9  1986.61857    
                                         32  5 28  1186.31041 105.1 1986.62280   
                                         32  1 32  1319.13007 15.0  1986.62858     
                                                                             

 Searching  32  2 30 near   2028.94917
  31 2 29  1331.38023 22.0  2028.94903   32  2 31  1323.86030 57.9  2028.95210  
                                         33  2 31  1245.46816 24.7  2028.95002  
 
 31  0 31   
 31  4 27  1275.45185 67.9  2028.94936   32  4 29  1257.24161 59.9  2028.94862  
                                         33  4 29  1183.72190 98.7  2028.94552   
                                         33  0 33  1320.36548 61.0  2028.94809  
                                      
 Searching  32  3 30 near   2028.95893
  31 3 29  1331.37588 19.3  2028.95960   32  3 29  1257.41135 65.9  2028.96022  
                                         33  3 31  1245.46816 24.7  2028.95621    
                                         
 31  1 31   
   31 5 27 1273.41395 68.0  2028.96638   32  1 31  1323.86030 57.9  2028.95177   
                                         32  1 31  1323.87561 58.1  2028.96708    
                                         32  5 27  1209.76789 99.3  2028.96406   
                                         33  5 29  1182.62867 100.9 2028.95897   
                                         33  1 33  1320.37254 59.3  2028.95515     
                                                                              

                                R, P, P forbidden sliplis'             

 Searching  33  2 31 near   2072.51114
 32  2 30  1332.59282 20.5  2072.50900   33  2 32  1325.09666 47.2  2072.50638    
                                         34  2 32  1244.24620 18.8  2072.51222  

 32  4 28  1273.72043 61.4  2072.51275   33  4 30  1255.98378 68.6  2072.51130    
                                         34  4 30   
                                         34  0 34  1321.62994 57.2  2072.51851     

 Searching  33  3 31 near   2072.51768
 32  3 30  1332.59282 20.5  2072.51863   33  3 30  1256.09706 70.6  2072.51763  
                                         34  3 32  1244.24620 18.8  2072.51618  
                                          
                                         33  1 32  1325.12056 43.0  2072.53008      
                                         34  1 34  1321.62994 57.2  2072.51851   
                                         
    32 5 28 1272.20164 66.3 2072.51403  33  5 28  1205.07348 101.5 2072.52023      
                                                                              
 
 Searching  34  2 32 near   2117.28854
 33  2 31  1333.80578 16.9  2117.28764   34  2 33  1326.33494 38.5  2117.28370  
                                         35  2 33  1243.02098 20.1  2117.28965  
                                         
 33  4 29  1272.06891 64.2  2117.29253   34  4 31  1254.71805 69.8  2117.28694   
                                         35  0 35  1322.87833  5.2  2117.29433  

 Searching  34  3 32 near   2117.28854
 33  3 31  1333.80578 16.9  2117.29383   34  3 31  1254.79573 73.4  2117.29280   
                                         35  3 33  1243.02098 20.1  2117.29218  
                                         
                                         34  1 33  1326.35061 61.1  2117.29925  
                                         35  1 35  1322.87833  5.2  2117.29434  
 
 33  5 29  1270.96302 73.2  2117.29332   34  5 29  1200.40867 100.7 2117.29556   
                                                                              

 Searching  35  2 33 near   2163.28309
 34  2 32  1335.01601 18.9  2163.28203   35  2 34  1327.57144 26.0  2163.28000     
                                         36  2 34  1241.79397 23.9  2163.28370  
  
 34  4 30  1270.48818 63.9  2163.28902   35  4 32  1253.45381 81.4  2163.28317  
                                         36  0 36  1324.11771 67.8  2163.28223  

 Searching  35  3 33 near   2163.28309
 34  3 32  1335.01601 18.9  2163.28599   35  3 32  1253.50819 54.8  2163.28963    
                                         36  3 34  1241.79397 23.9  2163.28530  
                                         
  34  5 30 1269.69233 50.6  2163.28779   35  1 34  1327.58150 12.8  2163.28998       
                                         36  1 36  1324.11771 67.8  2163.28223   
                                                                              

 Searching  36  2 34 near   2210.49395
   35 2 33 1336.22461 24.3  2210.49328   36  2 35  1328.81292 28.6  2210.50164     
                                         37  2 35  1240.56547 29.3  2210.49447   
 
 35  4 31  1268.95807  0.6  2210.49333   36  4 33  1252.18721 78.9  2210.49484   
                                         37  0 37  1325.36225 51.7  2210.49595     

 Searching  36  3 34 near   2210.49395
   35 3 33 1336.22461 24.3  2210.49581   36  3 33  1252.21578 73.8  2210.49163  
                                         37  3 35  1240.56547 29.3  2210.49549   
 
 35  5 31  1268.39140  2.2  2210.49037   36  1 35  1328.79368 37.5  2210.48235   
                                         36  1 35  1328.81292 28.6  2210.50159  
                                         37  1 37  1325.36225 51.7  2210.49595  
                                                                               

 Searching  37  2 35 near   2258.92067
 36  2 34  1337.43081 33.3  2258.92054   37  2 36  1330.03681 67.5  2258.92567    
                                         38  2 36  1239.33531 36.9  2258.92155  
 
 36  4 32  1267.48195 69.7  2258.91988   37  4 34  1250.92097 39.5  2258.92372  
                                         38  0 38  1326.59711  8.3  2258.92025  
                                         
 Searching  37  3 35 near   2258.92067
 36  3 34  1337.43081 33.3  2258.92214   37  3 34  1250.93064 19.5  2258.91243     
                                         38  3 36  1239.33531 36.9  2258.92220  
                                         
 36  5 32  1267.08177 22.3  2258.91539   37  1 36  1330.03681 67.5  2258.92564      
                                         38  1 38  1326.59711  8.3  2258.92026    
                                                                               

 Searching  38  2 36 near   2308.56466
  37 2 35  1338.63498 35.1  2308.56398   38  2 37  1331.25785 34.8  2308.56642  
                                         39  2 37  1238.10358 46.9  2308.56474  
                                         
 37  4 33  1266.04245 71.8  2308.56100   38  4 35  1249.64799 77.1  2308.56202   
                                         39  0 39  1327.82174 51.3  2308.55416    
                                         
 Searching  38  3 36 near   2308.56466
  37 3 35  1338.63498 35.1  2308.56500   38  3 35  1249.66893 62.6  2308.56919
                                         39  3 37  1238.10358 46.9  2308.56514  
                                        
 37  5 33  1265.76026 55.0  2308.55399   38  1 37  1331.25785 34.8  2308.56640  
                                   39  1 39  1327.82174 51.3  2308.55416    
                                                                               
   
                                Q sliplis'                
   
 Searching  39  2 37 near   2359.42311
 38  2 36  1339.83660 32.5  2359.42284   39  2 38  1332.47833 72.0  2359.42575  
                                         40  2 38  1236.87020 51.4  2359.42361  
                                         
 38  4 34  1264.63006  2.4  2359.41521   39  4 36  1248.38800 75.1  2359.42888  
                                         40  0 40  1329.07008 18.8  2359.43117     

 Searching  39  3 37 near   2359.42311
 38  3 36  1339.83660 32.5  2359.42349   39  3 36  1248.38800 75.1  2359.41989  
                                         40  3 38  1236.87020 51.4  2359.42386  
 
  38 5 34  1264.44823 30.0  2359.42317   39  1 38  1332.47833 72.0  2359.42574  
                                         40  1 40  1329.07008 18.8  2359.43117    
                                                                               

 Searching  40  2 38 near   2411.49727
 39  2 37  1341.03575 52.8  2411.49691   40  2 39  1333.68948 66.7  2411.49446     
                                         41  2 39  1235.63502 54.1  2411.49764  
                                         
  39 4 35  1263.25467 50.8  2411.49870   40  4 37  1247.11033 20.4  2411.49320     
                                         41  0 41  1330.28536 34.2  2411.49406     
                                         
 Searching  40  3 38 near   2411.49727
 39  3 37  1341.03575 52.8  2411.49731   40  3 37  1247.11033 20.4  2411.48735     
                                         40  3 37  1247.12965 84.2  2411.50667
                                         41  3 39  1235.63502 54.1  2411.49780  
                                         
 39  5 35  1263.11828 82.8  2411.49224   40  1 39  1333.68948 66.7  2411.49446  
                                         41  1 41  1330.28536 34.2  2411.49406     
                                                                               
                                         
 Searching  41  2 39 near   2464.78575
  40 2 38  1342.23249 54.6  2464.78590   41  2 40  1334.90984 32.0  2464.79065    
                                         42  2 40  1234.39801 69.0  2464.78641  
 
 40  4 36  1261.88495 73.5  2464.78494   41  4 38  1245.83915 89.9  2464.77874  
                                         42  0 42  1331.50689 64.5  2464.78168  

 Searching  41  3 39 near   2464.78575
  40 3 38  1342.23249 54.6  2464.78615   41  3 38  1245.85484 63.2  2464.79064      
                                         42  3 40  1234.39801 69.0  2464.78650  
                                         
 40  5 36  1261.79534 66.6  2464.78368   41  1 40  1334.90984 32.0  2464.79065    
                                         42  1 42  1331.50689 64.5  2464.78168  
                                                                               

 Searching  42  2 40 near   2519.28452
   41 2 39 1343.42021  9.8  2519.28283   42  2 41  1336.11726 39.6  2519.29170  
                                         43  2 41  1233.15909 72.5  2519.28940  

  41 4 37  1260.53185 63.7  2519.28844   42  4 39  1244.57580 79.9  2519.28646  
                                         43  0 43  1332.72810 52.9  2519.28698   

 Searching  42  3 40 near   2519.28452
   41 3 39 1343.42021  9.8  2519.28299   42  3 39  1244.57580 79.9  2519.28402  
                                         43  3 41  1233.15909 72.5  2519.28946  
                                         
 42  1 41  1336.11726 39.6  2519.29170   42  1 41  1336.11726 39.6  2519.29170  
                                         43  1 43  1332.72810 52.9  2519.28698   
                                                                               

 Searching  43  2 41 near   2575.00577
 42  2 40  1344.61678 62.0  2575.00518   43  2 42  1337.32419 78.2  2575.00959    
                                         44  2 42  1231.91808 57.8  2575.00600  
                                                                                  
 42  4 38  1259.19037  0.3  2575.00680   43  4 40  1243.31042 56.4  2575.00614     
                                         44  0 44  1333.94873 71.5  2575.00923  

 Searching  43  3 41 near   2575.00577
 42  3 40  1344.61678 62.0  2575.00527   43  3 40  1243.31042 56.4  2575.00457     
                                         44  3 42  1231.91808 57.8  2575.00604  
                                         
 42  5 38  1259.14811 33.1  2575.00466   43  1 42  1337.32419 78.2  2575.00959    
                                         44  1 44  1333.94873 71.5  2575.00923  
                                                                               

 Searching  44  2 42 near   2631.93236
 43  2 41  1345.80247 68.9  2631.93278   44  2 43  1338.51878 64.5  2631.93199  
                                         45  2 43  1230.67299 83.2  2631.93376  
                                         
 43  4 39  1257.85008 69.3  2631.93140   44  4 41  1242.03791 85.7  2631.93231  
                                         45  0 45  1335.15072 65.9  2631.92987  
                                            
 Searching  44  3 42 near   2631.93236
 43  3 41  1345.80247 68.9  2631.93284   44  3 41  1242.03791 85.7  2631.93130  
                                         45  3 43  1230.67299 83.2  2631.93378  
                                         
 43  5 39                          44  1 43  1338.51878 64.5  2631.93199  
                                         45  1 45  1335.15072 65.9  2631.92987  
                                                                               
