

!!!!!!!!!!!!!
!!!--R Branch--!!!
  2  2  0  1292.91920   0.044
  3  2  1  1294.37857   0.003   1.45937
  4  2  2  1295.86940  -0.003   1.49083
  5  2  3  1297.38983   0.009   1.52043
  6  2  4  1298.93345   0.007   1.54362
  7  2  5  1300.48695   0.016   1.55350
  8  2  6  1302.03747   0.009   1.55052
  9  2  7  1303.57369   0.006   1.53622
 10  2  8  1305.08809   0.001   1.51440
 11  2  9  1306.57310   0.001   1.48501
 12  2 10  1308.02285  -0.005   1.44975
 13  2 11  1309.43102  -0.004   1.40817
 14  2 12  1310.79378  -0.002   1.36276
 15  2 13  1312.10680   0.004   1.31302
 16  2 14  1313.37494   0.022   1.26814
 17  2 15  1314.59530   0.010   1.22036
 18  2 16  1315.78949   0.005   1.19419
 19  2 17  1316.96862   0.005   1.17913
 20  2 18  1318.14513   0.001   1.17651
 21  2 19  1319.32726   0.014   1.18213
 22  2 20  1320.51795  -0.003   1.19069
 23  2 21  1321.71702   0.013   1.19907
 24  2 22  1322.92448   0.023   1.20746
 25  2 23  1324.13976   0.071   1.21528
 26  2 24  1325.26937   0.036   1.12961
 27  2 25  1326.46557   0.079   1.19620
 28  2 26  1327.71899   0.100   1.25342
 29  2 27  1328.94458   0.015   1.22559
 30  2 28  1330.16414   0.179   1.21956
 31  2 29  1331.38023   0.215   1.21609
 32  2 30  1332.59282   0.200   1.21259
 33  2 31  1333.80578   0.164   1.21296
 34  2 32  1335.01601   0.184   1.21023
 35  2 33  1336.22461   0.238   1.20860
 36  2 34  1337.43081   0.328   1.20620
 37  2 35  1338.63498   0.346   1.20417
 38  2 36  1339.83660   0.320   1.20162
 39  2 37  1341.03575   0.523   1.19915
 40  2 38  1342.23249   0.541   1.19674
 41  2 39  1343.42021   0.093   1.18772
 42  2 40  1344.61678   0.615   1.19657

!!!--Q Branch--!!!
  2  2  1  1288.68389   0.000
  3  2  2  1288.73025  -0.002   0.04636
  4  2  3  1288.83298   0.005   0.10273
  5  2  4  1289.04982   0.012   0.21684
  6  2  5  1289.38453   0.146   0.33471
  7  2  6  1289.88612   0.091   0.50159
  8  2  7  1290.56674   0.001   0.68062
  9  2  8  1291.43438   0.323   0.86764
 10  2  9  1292.48205   0.267   1.04767
 11  2 10  1293.69840   0.418   1.21635
 12  2 11  1295.07025   0.307   1.37185
 13  2 12  1296.56379   0.447   1.49354
 14  2 13  1298.16652   0.348   1.60273
 15  2 14  1299.83854   0.511   1.67202
 16  2 15  1301.53120   0.440   1.69266
 17  2 16  1303.20147   0.014   1.67027
 18  2 17  1304.86386   0.405   1.66239
 19  2 18  1306.47537   0.223   1.61151
 20  2 19  1308.00608   0.004   1.53071
 21  2 20  1309.49204   0.262   1.48596
 22  2 21  1310.92869   0.123   1.43665
 23  2 22  1312.31621   0.007   1.38752
 24  2 23  1313.67563   0.444   1.35942
 25  2 24  1314.99781   0.355   1.32218
 26  2 25  1316.30835   0.121   1.31054
 27  2 26  1317.51962   0.004   1.21127
 28  2 27  1318.77914   0.015   1.25952
 29  2 28  1320.08233   0.081   1.30319
 30  2 29  1321.34695   0.315   1.26462
 31  2 30  1322.60583   0.148   1.25888
 32  2 31  1323.86030   0.574   1.25447
 33  2 32  1325.09666   0.467   1.23636
 34  2 33  1326.33494   0.380   1.23828
 35  2 34  1327.57144   0.255   1.23650
 36  2 35  1328.81292   0.281   1.24148
 37  2 36  1330.03681   0.670   1.22389
 38  2 37  1331.25785   0.343   1.22104
 39  2 38  1332.47833   0.715   1.22048
 40  2 39  1333.68948   0.662   1.21115
 41  2 40  1334.90984   0.315   1.22036
 42  2 41  1336.11726   0.391   1.20742
 43  2 42  1337.32419   0.777   1.20693


!!!!!!!!!!!!!
!!!--R Branch--!!!
 30  3 28  1330.15758   0.195
 31  3 29  1331.37588   0.188   1.21830
 32  3 30  1332.59282   0.200   1.21694
 33  3 31  1333.80578   0.164   1.21296
 34  3 32  1335.01601   0.184   1.21023
 35  3 33  1336.22461   0.238   1.20860
 36  3 34  1337.43081   0.328   1.20620
 37  3 35  1338.63498   0.346   1.20417
 38  3 36  1339.83660   0.320   1.20162
 39  3 37  1341.03575   0.523   1.19915
 40  3 38  1342.23249   0.541   1.19674
 41  3 39  1343.42021   0.093   1.18772
 42  3 40  1344.61678   0.615   1.19657

!!!--Q Branch--!!!
 31  3 28  1258.74245   0.380
 32  3 29  1257.41135   0.654  -1.33110
 33  3 30  1256.09706   0.701  -1.31429
 34  3 31  1254.79573   0.729  -1.30133
 35  3 32  1253.50819   0.543  -1.28754
 36  3 33  1252.21578   0.733  -1.29241
 37  3 34  1250.93064   0.190  -1.28514
 38  3 35  1249.66893   0.621  -1.26171
 39  3 36  1248.38800   0.746  -1.28093
 40  3 37  1247.11033   0.199  -1.27767
 40  3 37  1247.12965   0.837   0.01932
 41  3 38  1245.85484   0.627  -1.27481
 42  3 39  1244.57580   0.794  -1.27904
 43  3 40  1243.31042   0.559  -1.26538

!!!--P Branch--!!!
 32  3 30  1246.69423   0.212
 33  3 31  1245.46816   0.242  -1.22607
 34  3 32  1244.24620   0.183  -1.22196
 35  3 33  1243.02098   0.196  -1.22522
 36  3 34  1241.79397   0.234  -1.22701
 37  3 35  1240.56547   0.288  -1.22850
 38  3 36  1239.33531   0.364  -1.23016
 39  3 37  1238.10358   0.464  -1.23173
 40  3 38  1236.87020   0.509  -1.23338
 41  3 39  1235.63502   0.536  -1.23518
 42  3 40  1234.39801   0.685  -1.23701
 43  3 41  1233.15909   0.720  -1.23892
 44  3 42  1231.91808   0.573  -1.24101

!!!--Forbidden Branch--!!!
 32  5 28  1186.31041   1.046
 33  5 29  1182.62867   1.004  -3.68174

!!!--Forbidden Branch--!!!
 32  1 32  1319.13007   0.145
 33  1 33  1320.37254   0.588   1.24247
 34  1 34  1321.62994   0.567   1.25740
 35  1 35  1322.87833   0.047   1.24839
 36  1 36  1324.11771   0.673   1.23938
 37  1 37  1325.36225   0.512   1.24454
 38  1 38  1326.59711   0.078   1.23486
 39  1 39  1327.82174   0.508   1.22463
 40  1 40  1329.07008   0.183   1.24834
 41  1 41  1330.28536   0.337   1.21528
 42  1 42  1331.50689   0.640   1.22153
 43  1 43  1332.72810   0.524   1.22121
 44  1 44  1333.94873   0.710   1.22063

!!!--Forbidden Branch--!!!
 30  5 26  1274.56297   0.730
 31  5 27  1273.41395   0.675  -1.14902
 32  5 28  1272.20164   0.658  -1.21231
 33  5 29  1270.96302   0.727  -1.23862
 34  5 30  1269.69233   0.501  -1.27069
 35  5 31  1268.39140   0.017  -1.30093
 36  5 32  1267.08177   0.218  -1.30963
 37  5 33  1265.76026   0.545  -1.32151
 38  5 34  1264.44823   0.295  -1.31203
 39  5 35  1263.11828   0.823  -1.32995
 40  5 36  1261.79534   0.661  -1.32294
 42  5 38  1259.14811   0.326  -2.64723

!!!--Forbidden Branch--!!!
 30  1 30  1397.61550   0.257

!!!--Forbidden Branch--!!!
 31  5 26  1214.43371   0.994
 32  5 27  1209.76789   0.988  -4.66582
 33  5 28  1205.07348   1.010  -4.69441
 34  5 29  1200.40867   1.002  -4.66481

!!!--Forbidden Branch--!!!
 31  1 30  1322.63251   0.025
 32  1 31  1323.86030   0.574   1.22779
 32  1 31  1323.87561   0.576   0.01531
 33  1 32  1325.12056   0.425   1.24495
 34  1 33  1326.35061   0.606   1.23005
 35  1 34  1327.58150   0.123   1.23089
 36  1 35  1328.79368   0.370   1.21218
 36  1 35  1328.81292   0.281   0.01924
 37  1 36  1330.03681   0.670   1.22389
 38  1 37  1331.25785   0.343   1.22104
 39  1 38  1332.47833   0.715   1.22048
 40  1 39  1333.68948   0.662   1.21115
 41  1 40  1334.90984   0.315   1.22036
 42  1 41  1336.11726   0.391   1.20742
 42  1 41  1336.11726   0.391   0.00000
 43  1 42  1337.32419   0.777   1.20693
